
APResult object

Number of samples     =  645 
Number of iterations  =  229 
Input preference      =  -0.004324229 
Sum of similarities   =  339.4134 
Sum of preferences    =  -0.2032388 
Net similarity        =  339.2102 
Number of clusters    =  47 

Exemplars:
   19 33 39 41 54 75 100 102 118 128 135 137 141 160 189 191 198 199 208 216 
   227 230 231 235 240 249 272 275 290 309 311 336 337 346 382 422 432 461 487 
   494 530 548 563 592 627 629 643
Clusters:
   Cluster 1, exemplar 19:
      12 19 67 228 433 493 599 609
   Cluster 2, exemplar 33:
      8 33 57 112 209 281 353 394 431 508
   Cluster 3, exemplar 39:
      9 27 39 40 64 99 114 165 187 207 222 223 225 226 251 354 428 449 519 525 
      537 539 551 566 578
   Cluster 4, exemplar 41:
      36 41 374 390 549
   Cluster 5, exemplar 54:
      54 58 73 124 148 250 315 330 365 606
   Cluster 6, exemplar 75:
      6 75 101 176 182 183 362 370 413 448 459 505 506 531 616
   Cluster 7, exemplar 100:
      34 100 132 143 194 237 267 276 289 305 325 363 447 479 586 601
   Cluster 8, exemplar 102:
      21 102 196 224 375 409 495 560 625
   Cluster 9, exemplar 118:
      92 96 98 118 171 233 460 480 482 518 524 532 557 558 575 611
   Cluster 10, exemplar 128:
      93 128 419 423 554
   Cluster 11, exemplar 135:
      3 135 167 181 284 318 364 402 469 474 511 579
   Cluster 12, exemplar 137:
      24 137 234 238 421 637
   Cluster 13, exemplar 141:
      119 141 439 503 513
   Cluster 14, exemplar 160:
      29 160 177 391 463 488
   Cluster 15, exemplar 189:
      168 189 246 260 470 514
   Cluster 16, exemplar 191:
      136 191 215 239 244 437 455 456 538 541
   Cluster 17, exemplar 198:
      5 30 60 131 161 198 255 263 313 319 321 324 392 414 465 467 468 475 498 
      544 590 595 605
   Cluster 18, exemplar 199:
      59 86 88 109 162 199 200 219 338 343 349 367 369 395 397 398 405 408 412 
      416 587 588 597 598 614 628 631 644 645
   Cluster 19, exemplar 208:
      51 66 127 130 208 254 262 286 288 300 304 316 327 352 360 396 401 477 486 
      516 582 600 632
   Cluster 20, exemplar 216:
      31 37 84 175 178 216 218 221 264 266 279 282 307 345 372 410 462 496 499 
      527 583 591 623 624 630 636
   Cluster 21, exemplar 227:
      49 79 104 174 227 445 484 589
   Cluster 22, exemplar 230:
      11 13 14 76 95 108 154 179 197 205 229 230 247 273 303 334 340 344 358 
      473 483 540 615 620
   Cluster 23, exemplar 231:
      10 28 43 44 69 74 85 110 142 155 169 188 192 231 232 359 361 377 380 381 
      426 442 481 501 502 507 517 570 576 626
   Cluster 24, exemplar 235:
      48 63 235 248 348 371 388 464
   Cluster 25, exemplar 240:
      91 163 170 240 245 424 521 536
   Cluster 26, exemplar 249:
      38 55 61 70 152 201 236 249 256 328 454 497 504 641
   Cluster 27, exemplar 272:
      16 125 158 272 291 293 296 308 312 341 366 399 528 572
   Cluster 28, exemplar 275:
      2 18 22 82 107 180 268 274 275 492 534 584 610
   Cluster 29, exemplar 290:
      35 46 62 271 290 500 618
   Cluster 30, exemplar 309:
      7 32 159 241 242 309 331 415 425 438 603 612 634
   Cluster 31, exemplar 311:
      1 15 89 103 120 220 301 311 320 323 350 418 458 523 526 581 608 621
   Cluster 32, exemplar 336:
      56 71 87 173 195 265 278 306 336 404 407 441 512 585
   Cluster 33, exemplar 337:
      277 337
   Cluster 34, exemplar 346:
      42 115 243 253 258 346 376 411 436 471 545
   Cluster 35, exemplar 382:
      121 139 287 298 322 332 355 378 382 393 417 547 561 639
   Cluster 36, exemplar 422:
      94 111 134 140 144 146 149 150 153 156 211 357 400 422 429 457 546 555
   Cluster 37, exemplar 432:
      81 202 206 270 280 285 329 384 432 440 443 478 489 543 567 573 594 596 
      638
   Cluster 38, exemplar 461:
      65 68 172 204 210 252 406 420 446 461 556
   Cluster 39, exemplar 487:
      45 117 123 164 186 190 203 452 487 490 515 529 559
   Cluster 40, exemplar 494:
      17 53 83 105 151 157 212 214 217 257 261 302 310 317 333 385 451 476 485 
      494 542 564 565 580 604 619
   Cluster 41, exemplar 530:
      77 133 147 166 185 373 520 522 530
   Cluster 42, exemplar 548:
      25 26 47 126 184 383 387 434 466 472 510 533 548 622
   Cluster 43, exemplar 563:
      20 50 106 113 116 129 145 259 294 314 335 339 342 379 389 430 444 450 453 
      550 552 553 562 563 568 569 577 593 602 607 617
   Cluster 44, exemplar 592:
      52 78 297 326 356 592 635 640
   Cluster 45, exemplar 627:
      97 193 283 292 295 299 351 368 435 509 571 574 627 642
   Cluster 46, exemplar 629:
      4 80 90 122 213 269 347 427 535 629 633
   Cluster 47, exemplar 643:
      23 72 138 386 403 491 613 643
