
APResult object

Number of samples     =  645 
Number of iterations  =  140 
Input preference      =  -0.0001125197 
Sum of similarities   =  24.84163 
Sum of preferences    =  -0.004050708 
Net similarity        =  24.83758 
Number of clusters    =  36 

Exemplars:
   29 36 51 52 93 112 136 152 168 235 238 245 271 304 325 326 337 367 391 414 
   421 422 434 450 463 485 491 510 513 514 526 535 549 584 625 638
Clusters:
   Cluster 1, exemplar 29:
      7 10 29 69 74 84 124 125 139 148 159 160 169 177 206 220 231 251 272 293 
      309 318 330 331 339 350 415 431 449 479 518 519 528 533 570 572 593
   Cluster 2, exemplar 36:
      36 41 295 393 497 602 606
   Cluster 3, exemplar 51:
      30 51 60 129 192 283 300 303 321 417 489 509 545 567 590 608
   Cluster 4, exemplar 52:
      34 50 52 78 79 100 132 142 143 145 194 212 227 234 237 239 289 297 305 
      353 356 359 379 447 453 493 505 542 562 586 592 601 635 640
   Cluster 5, exemplar 93:
      58 77 89 93 110 128 133 147 166 170 287 385 419 443 451 452 458 530 576 
      599 620 637
   Cluster 6, exemplar 112:
      33 112
   Cluster 7, exemplar 136:
      136 267 471 581
   Cluster 8, exemplar 152:
      2 6 12 19 25 38 55 57 61 67 70 75 82 95 96 101 104 108 115 135 152 176 
      182 195 201 202 228 233 236 247 249 252 256 257 274 284 299 310 328 342 
      383 402 454 460 469 474 482 483 504 511 548 564 583 609 610 616 619 622 
      641
   Cluster 9, exemplar 168:
      39 43 45 49 72 97 105 117 118 168 171 191 205 260 261 269 446 448 461 480 
      492 515 524 525 532 538 539 566
   Cluster 10, exemplar 235:
      48 63 188 235 242 248 348 351 371 388 464
   Cluster 11, exemplar 238:
      28 196 224 238 384 424 425 481 522 575 632 634
   Cluster 12, exemplar 245:
      54 71 92 120 123 151 187 240 243 245 312 317 336 341 476 500 529 540
   Cluster 13, exemplar 271:
      20 81 158 271 290 366 444 517 596 607 617
   Cluster 14, exemplar 304:
      32 42 65 66 127 130 208 230 258 262 288 304 316 346 358 360 406 411 477 
      486 487 516 591
   Cluster 15, exemplar 325:
      53 217 268 276 320 325 363 445 484 589
   Cluster 16, exemplar 326:
      31 73 99 107 121 165 167 222 226 264 326 355 365 413 496 506 551 561 612
   Cluster 17, exemplar 337:
      277 335 337
   Cluster 18, exemplar 367:
      23 59 86 88 109 162 199 200 219 292 338 343 349 367 369 395 397 398 405 
      408 412 430 587 588 597 598 614 628 631 644 645
   Cluster 19, exemplar 391:
      3 13 15 16 18 21 22 180 250 275 329 362 378 386 391 394 396 403 473
   Cluster 20, exemplar 414:
      131 161 193 198 204 244 253 254 255 263 286 313 319 324 327 374 376 390 
      392 401 414 436 440 465 467 468 475 498 541 544 595 600 605
   Cluster 21, exemplar 421:
      37 137 138 175 181 221 340 375 416 421 495 499 521 527 630 636
   Cluster 22, exemplar 422:
      94 111 134 140 144 146 149 150 153 156 211 357 400 422 429 457 537 546 
      555
   Cluster 23, exemplar 434:
      44 83 85 113 155 184 232 323 332 380 404 433 434 466 507 558 569 574 582 
      626
   Cluster 24, exemplar 450:
      5 76 172 241 345 370 420 450
   Cluster 25, exemplar 463:
      35 103 122 154 178 183 197 213 218 225 270 273 307 463 488 512 571 579 
      615
   Cluster 26, exemplar 485:
      56 190 229 301 315 344 435 485 494 580 611
   Cluster 27, exemplar 491:
      1 116 163 173 185 352 407 409 491 502 523 552 613 643
   Cluster 28, exemplar 510:
      215 259 298 377 387 389 456 472 510 563 568 577
   Cluster 29, exemplar 513:
      87 98 119 141 285 306 399 438 439 501 513 559 578 621
   Cluster 30, exemplar 514:
      11 14 17 46 68 91 164 189 203 265 266 296 302 322 442 459 470 514 585 604
   Cluster 31, exemplar 526:
      64 157 174 291 311 418 526 557
   Cluster 32, exemplar 535:
      4 8 9 27 40 80 90 114 126 207 209 210 214 216 223 279 281 282 333 347 354 
      364 368 372 410 427 428 462 503 508 531 535 554 618 623 624 627 629 633 
      639
   Cluster 33, exemplar 549:
      62 186 278 437 441 455 490 534 549 556 573
   Cluster 34, exemplar 584:
      47 565 584 642
   Cluster 35, exemplar 625:
      24 26 102 106 294 314 334 361 373 381 382 423 426 478 520 536 543 547 550 
      553 560 603 625
   Cluster 36, exemplar 638:
      179 246 280 308 432 594 638
